0,0,0,5,0,0,5,0,0,0,0,0,0,0,0,0,0,0,0,0,0,0,0,0,0,0,0,0,5,0,0,0,0,0,0,0,0,5,0,0,0,0,0,0,0,0,0,0,0,0,0,0,0,5,0,0,0,0,5,0,0,0,0,0,0,0,0,0,0,0,0,0,0,0,0,0,0,5,0,0,0,0,0,0,0,0,0,0,0,0,0,0,0,5,0,0,0,0,0,0,0,0,0,0,0,0,0,0,0,0,0,5,5,0,0,0,0,0,5,0,0,0,0,0,0,5,0,0,0,0,0,0,0,0,0,0,0,0,0,0
1,0.0,0.6673854059609455
2,0,0.6663679342240494
3,0,0.664950668036999
4,1,0.6628499486125385
5,1,0.6602168550873587
6,1,0.6559475847893114
7,2,0.6497615621788284
8,2,0.6435837615621788
9,3,0.6361294964028777
10,3,0.6267286742034943
11,3,0.6178427543679342
12,4,0.6093083247687564
13,5,0.5993216855087359
14,5,0.5862034943473793
15,6,0.5765488180883864
16,7,0.5629424460431655
17,8,0.5534295991778007
18,8,0.5426104830421378
19,9,0.5338818088386433
20,9,0.5224522096608427
21,10,0.5137317574511819
22,11,0.5045642343268243
23,11,0.4944080164439877
24,12,0.48629804727646453
25,12,0.47772147995889
26,13,0.4689537512846865
27,13,0.4622661870503597
28,14,0.45551284686536486
29,14,0.4486115107913669
30,15,0.44238540596094555
31,16,0.43799691675231245
32,16,0.43305755395683454
33,17,0.4301377183967112
34,17,0.42606680369989725
35,17,0.42184172661870506
36,18,0.4184583761562179
37,18,0.4147574511819116
38,19,0.41097122302158273
39,19,0.4079753340184995
40,19,0.40555601233299077
41,20,0.40326927029804727
42,20,0.3984871531346352
43,20,0.39384069886947587
44,20,0.3901140801644399
45,21,0.38710483042137717
46,21,0.38347584789311406
47,21,0.3800195272353546
48,22,0.3754532374100719
49,22,0.3720441932168551
50,22,0.3693011305241521
51,23,0.36494552929085305
52,23,0.3616711202466598
53,23,0.35768653648509763
54,23,0.3547142857142857
55,24,0.35097738951695784
56,24,0.3456197327852004
57,25,0.34010688591983557
58,25,0.33638643371017474
59,26,0.3317327852004111
60,26,0.3279650565262076
61,27,0.3246156217882837
62,27,0.3214665981500514
63,28,0.3168437821171634
64,29,0.31324563206577594
65,30,0.307136690647482
66,30,0.30297944501541624
67,31,0.297846865364851
68,32,0.2921294964028777
69,32,0.2874542651593011
70,33,0.2820421377183967
71,33,0.27837718396711203
72,34,0.27473689619732783
73,34,0.2708448098663926
74,35,0.2680904419321686
75,36,0.26454779033915726
76,36,0.26109044193216857
77,37,0.25807297019527237
78,37,0.2543422404933196
79,38,0.2505488180883864
80,39,0.24697944501541624
81,39,0.2446197327852004
82,40,0.24114388489208632
83,41,0.23853340184994862
84,41,0.23545529290853032
85,42,0.2338180883864337
86,42,0.23185919835560123
87,42,0.22991983556012333
88,43,0.22895066803699898
89,43,0.2273535457348407
90,44,0.2259229188078109
91,44,0.22372764645426516
92,44,0.222688591983556
93,45,0.22161767728674203
94,45,0.21951181911613565
95,45,0.21800513874614594
96,45,0.2169486125385406
97,46,0.21502877697841727
98,46,0.21373484069886947
99,46,0.2127420349434738
100,46,0.21129701952723534
101,46,0.20995889003083248
102,47,0.2083802672147996
103,47,0.20693730729701953
104,47,0.20518705035971224
105,48,0.20329701952723536
106,48,0.20225693730729702
107,48,0.20165775950668036
108,49,0.19900411099691676
109,49,0.19725488180883866
110,49,0.19597636176772867
111,50,0.19470298047276466
112,50,0.19366289825282632
113,50,0.1929815005138746
114,50,0.19186742034943474
115,50,0.18999588900308326
116,51,0.1880760534429599
117,51,0.18602774922918808
118,51,0.1839208633093525
119,52,0.18150359712230216
120,52,0.17990647482014388
121,52,0.17858067831449126
122,53,0.17628160328879752
123,53,0.17495272353545735
124,53,0.17312641315519015
125,54,0.1712086330935252
126,54,0.16919938335046247
127,54,0.16657142857142856
128,54,0.16535560123329907
129,55,0.16372661870503596
130,55,0.16050359712230217
131,55,0.15783556012332992
132,56,0.15566187050359712
133,56,0.15322096608427543
134,56,0.1516043165467626
135,56,0.15020143884892087
136,56,0.14841109969167524
137,57,0.14633504624871532
138,57,0.14467728674203495
139,57,0.143344295991778
140,57,0.14236485097636176
141,57,0.14176361767728674
142,57,0.1407738951695786
143,57,0.14005344295991778
144,57,0.13965878725590955
145,57,0.13961356628982527
146,57,0.1395179856115108
147,57,0.13918602261048305
148,57,0.13904727646454265
149,57,0.13883042137718396
150,58,0.1386978417266187
151,58,0.1386978417266187
152,58,0.1386978417266187
153,58,0.1386978417266187
154,58,0.1386978417266187
155,58,0.1386978417266187
156,58,0.1386978417266187
5,100,140,0.3,0,200,0,0.02,155,58,0.1386978417266187,"[60, 60, 60, 60, 60, 60, 60, 60, 60, 60, 60, 60, 60, 60, 60, 60, 55, 60, 60, 60, 60, 60, 60, 60, 60, 60, 60, 60, 60, 60, 60, 60, 60, 60, 55, 60, 60, 60, 60, 60, 60, 60, 60, 60, 60, 60, 55, 60, 60, 55, 60, 60, 60, 60, 60, 60, 60, 55, 60, 60, 60, 0, 60, 60, 60, 60, 60, 0, 60, 60, 55, 60, 60, 60, 60, 60, 60, 60, 60, 60, 60, 60, 60, 60, 60, 60, 60, 60, 60, 60, 60, 60, 60, 60, 60, 60, 60, 60, 55, 60, 60, 60, 60, 60, 60, 60, 0, 60, 60, 60, 60, 60, 60, 55, 60, 60, 60, 60, 60, 60, 60, 60, 60, 60, 60, 60, 60, 60, 60, 60, 60, 60, 60, 60, 60, 0, 60, 60, 60, 60]"
